16000109
16000110
16000111
16000112
16000113
16000114
16000115
16000116
16000117
16000118
16000119
16000121
16000122
16000123
16000124
16000125
16000126
16000128
16000130
16000131
16000133
16000134
16000135
16000136
16000137
16000138
16000140
16000141
16000142
16000143
16000144
16000146
16000147
16000148
16000149
16000151
16000152
16000153
16000154
16000155
16000156
16000158
16000177
16000206
16000321
16000407
16000408
16000409
16000410
16001030
16001039
16001069
16001070
16001071
16001072
16001270
16001284
16001286
16001287
16001288
16001321
16001322
16001732
16001733
16001734
16001735
16001736
16001738
16001739
16001740
16001741
16001742
16001743
16001744
16001745
16001746
16001747
16001748
16001749
16001750
16001751
16001752
16001753
16001754
16001756
16001758
16001759
16001948
16001949
16001950
16002113
16002114
16002115
16002129
16002303
16002305
16002315
16002327
16002376
16002385
16002400
16002407
16002411
16002416
16002609
16002815
16002816
16002818
16002838
16002841
16002844
16002845
16002848
16002864
16002865
16002875
16002876
16002877
16003096
16003218
16003219
16003220
16003315
16003333
16003334
16003335
16003336
16003481
16003482
16003905
16003907
16003909
16003910
16003911
16003912
16003914
16003915
16003916
16003919
16003920
16003921
16003923
16003924
16003925
16003926
16003927
16003929
16003930
16003931
16003932
16003933
16003934
16003936
16004113
16004126
16004149
16004150
16004151
16004501
16004506
16004512
16004521
16004523
16004551
16004879
16005016
16005131
16005132
16005147
16005162
16005163
16005164
16005165
16005166
16005167
16005168
16005169
16005170
16005171
16005172
16005173
16005174
16005175
16005177
16005178
16005179
16005180
16005181
16005183
16005184
16005185
16005186
16005187
16005188
16005190
16005191
16005192
16005193
16005194
16005195
16005196
16005197
16005198
16005199
16005200
16005201
16005202
16005203
16005204
16005205
16005208
16005209
16005210
16005211
16005213
16005214
16005215
16005217
16005219
16005220
16005221
16005222
16005224
16005225
16005226
16005227
16005228
16005230
16005231
16005232
16005233
16005234
16005235
16005398
16005399
16005400
16005401
16005407
16005442
16005643
16005644
16005645
16005689
16005690
16005697
16005705
16005707
16005726
16005734
16005739
16005750
16005764
16005772
16005779
16005789
16006260
16006442
16006443
16006444
16006445
16006447
16006448
16006449
16006450
16006451
16006452
16006455
16006456
16006457
16006458
16006459
16006460
16006461
16006463
16006464
16006465
16006466
16006467
16006468
16006469
16006470
16006471
16006472
16006473
16006474
16006475
16006476
16006477
16006478
16006479
16006480
16006482
16006483
16006484
16006485
16006486
16006487
16006488
16006489
16006490
16006491
16006492
16006493
16006494
16006498
16006499
16006652
16006685
16006704
16006711
16006886
16006945
16006993
16006996
16007004
16007007
16007015
16007017
16007026
16007058
16007068
16007078
16007081
16007178
16007534
16007621
16007625
16007626
16007627
16007628
16007629
16007630
16007631
16007632
16007633
16007635
16007636
16007637
16007638
16007639
16007640
16007641
16007642
16007643
16007644
16007645
16007646
16007647
16007648
16007649
16007650
16007651
16007652
16007653
16007654
16007655
16007657
16007658
16007659
16007660
16007661
16007662
16007663
16007664
16008113
16008133
16008245
16008283
16008284
16008292
16008293
16008312
16008330
16008333
16008341
16008567
16009154
16009167
16009171
16009172
16009175
16009176
16009177
16009178
16009179
16009180
16009181
16009183
16009184
16009185
16009186
16009190
16009191
16009192
16009193
16009194
16009195
16009196
16009197
16009198
16009201
16009203
16009204
16009205
16009206
16009207
16009208
16009210
16009211
16009212
16009213
16009214
16009215
16009216
16009217
16009218
16009219
16009446
16009453
16009533
16009708
16009785
16009978
16009996
16010001
16010004
16010005
16010010
16010026
16010035
16010052
16010056
16010075
16010077
16010081
16010219
16010292
16010711
16010714
16010715
16010716
16010717
16010718
16010719
16010733
16010737
16010738
16010739
16010740
16010742
16010743
16010744
16010746
16010747
16010748
16010751
16010752
16010753
16010754
16010755
16010757
16010758
16010759
16010760
16010761
16010762
16010763
16010764
16010766
16010767
16010768
16010770
16010771
16010772
16010773
16010774
16010776
16010777
16010778
16010779
16010780
16010781
16010782
16010986
16011008
16011014
16011018
16011022
16011028
16011037
16011043
16011044
16011051
16011064
16011066
16011084
16011091
16011093
16011094
16011107
16011108
16011467
16011548
16011555
16011557
16011566
16011574
16011576
16011581
16011585
16012104
16012105
16012106
16012107
16012108
16012109
16012110
16012111
16012112
16012113
16012114
16012115
16012116
16012117
16012118
16012120
16012121
16012122
16012123
16012125
16012126
16012127
16012128
16012129
16012130
16012131
16012135
16012205
16012363
16012368
16012423
16012440
16012441
16012513
16012820
16012824
16012825
16012962
16012987
16012995
16012999
16013038
16013043
16013047
16013054
16013175
16013176
16013177
16013178
16013678
16013716
16013722
16013723
16013724
16013725
16013726
16013728
16013730
16013731
16013732
16013733
16013734
16013735
16013736
16013737
16013738
16013739
16013740
16013742
16013745
16013746
16013747
16013750
16013752
16013753
16013754
16013755
16013756
16013757
16013758
16013759
16013760
16013761
16013763
16013764
16013765
16013766
16013767
16013768
16013769
16013775
16013776
16013777
16013778
16013779
16013780
16013783
16013785
16013786
16013787
16013788
16013789
16013790
16013792
16013794
16013795
16013796
16013797
16013798
16013799
16013800
16013801
16013802
16013803
16013804
16013805
16013806
16013807
16013809
16013810
16013811
16013812
16013813
16013814
16013815
16013816
16013817
16013818
16013819
16013820
16013822
16013989
16014028
16014029
16014261
16014270
16014271
16014365
16014381
16014384
16014386
16014400
16014403
16014405
16014409
16014423
16014424
16014662
16015168
16015169
16015170
16015171
16015173
16015175
16015176
16015177
16015178
16015179
16015180
16015181
16015182
16015183
16015184
16015185
16015187
16015327
16015345
16015346
16015347
16015349
16015351
16015353
16015354
16015355
16015356
16015357
16015359
16015360
16015361
16015362
16015363
16015366
16015367
16015368
16015421
16015435
16015698
16015701
16015744
16015913
16015914
16015915
16015916
16015917
16015918
16015940
16015942
16015956
16015960
16015968
16015974
16015975
16015978
16015994
16015995
16015996
16015997
16016162
16016197
16016217
16016357
16016394
16016395
16016440
16016441
16016529
16016530
16016531
16016587
16016604
16016614
16016620
16016621
16016622
16016623
16016624
16016625
16016626
16016627
16016628
16016629
16016630
16016631
16016632
16016633
16016634
16016635
16016636
16016637
16016638
16016639
16016640
16016641
16016642
16016643
16016648
16016649
16016650
16016652
16016653
16016654
16016655
16016656
16016657
16016658
16016659
16016660
16016661
16016662
16016663
16016664
16016665
16016666
16016667
16016668
16016670
16016671
16016672
16016673
16016674
16016675
16016676
16016677
16016678
16016682
16016683
16016684
16016685
16016686
16016687
16016688
16016689
16017039
16017160
16017164
16017236
16017253
16017258
16017268
16017280
16017298
16017307
16017308
16017317
16017328
16017335
16017341
16017350
16017358
16017359
16017360
16017455
16017538
16017850
16017851
16017963
16017969
16017970
16017971
16017972
16017973
16017974
16017975
16017976
16017977
16017978
16017979
16017980
16017982
16017983
16017984
16017985
16017986
16017987
16017988
16017989
16017990
16017991
16017992
16017993
16017994
16017995
16017996
16017997
16017998
16017999
16018000
16018001
16018002
16018003
16018004
16018005
16018006
16018007
16018008
16018009
16018010
16018011
16018012
16018013
16018014
16018015
16018016
16018017
16018018
16018019
16018020
16018024
16018025
16018026
16018027
16018028
16018029
16018030
16018031
16018032
16018033
16018034
16018036
16018037
16018038
16018039
16018040
16018226
16018264
16018455
16018457
16018460
16018576
16018577
16018579
16018586
16018596
16018597
16018604
16018610
16018615
16018619
16018624
16018633
16018635
16018637
16018649
16018654
16018667
16018868
16018869
16019310
16019350
16019379
16019382
16019383
16019384
16019385
16019386
16019388
16019389
16019390
16019391
16019392
16019393
16019394
16019395
16019396
16019397
16019399
16019400
16019401
16019402
16019404
16019405
16019406
16019407
16019408
16019409
16019410
16019411
16019412
16019414
16019415
16019416
16019417
16019418
16019419
16019420
16019421
16019422
16019423
16019424
16019425
16019426
16019427
16019428
16019429
16019430
16019431
16019432
16019433
16019569
16019609
16019616
16019631
16019884
16019921
16019939
16019940
16019956
16019959
16019961
16019963
16019965
16019966
16019970
16019983
16019986
16020015
16020034
16020039
16020110
16020112
16020126
16020127
16020198
16020632
16020633
16020635
16020636
16020637
16020638
16020639
16020640
16020641
16020642
16020643
16020644
16020645
16020647
16020648
16020649
16020650
16020651
16020652
16020653
16020654
16020655
16020656
16020657
16020658
16020659
16020660
16020661
16020662
16020663
16020664
16020665
16020666
16020667
16020668
16020669
16020670
16020671
16020672
16020673
16020676
16020677
16020678
16020679
16020680
16020681
16020682
16020683
16020684
16020685
16020686
16020687
16021133
16021134
16021139
16021140
16021143
16021146
16021161
16021162
16021169
16021184
16021194
16021200
16021326
16021362
16021804
16021806
16021807
16021808
16021809
16021810
16021811
16021812
16021813
16021814
16021815
16021817
16021820
16021821
16021822
16021823
16021824
16021825
16021826
16021827
16021828
16021829
16021830
16021832
16021834
16021835
16021836
16021837
16021838
16021839
16022047
16022058
16022059
16022068
16022363
16022364
16022369
16022387
16022466
16022470
16022471
16022505
16022518
16022527
16022537
16022544
16022546
16022551
16022555
16022681
16022682
16022683
16022723
16022725
16022726
16022867
16023325
16023331
16023333
16023334
16023346
16023347
16023348
16023349
16023350
16023351
16023352
16023353
16023354
16023355
16023356
16023357
16023358
16023359
16023360
16023361
16023362
16023363
16023364
16023365
16023366
16023367
16023368
16023369
16023370
16023371
16023372
16023373
16023374
16023375
16023376
16023377
16023378
16023380
16023381
16023382
16023384
16023385
16023386
16023387
16023388
16023389
16023390
16023391
16023392
16023393
16023394
16023395
16023396
16023397
16023398
16023399
16023402
16023404
16023405
16023406
16023407
16023408
16023409
16023410
16023411
16023412
16023413
16023448
16023545
16023572
16023607
16023615
16023627
16023886
16023887
16023888
16023950
16023969
16024034
16024054
16024057
16024082
16024097
16024116
16024119
16024123
16024126
16024136
16024157
16024158
16024483
16024486
16024487
16024489
16024490
16024491
16024492
16024493
16024494
16024495
16024496
16024497
16024498
16024499
16024500
16024501
16024502
16024503
16024504
16024505
16024506
16024507
16024508
16024509
16024510
16024511
16024512
16024513
16024514
16024515
16024516
16024517
16024518
16024519
16024520
16024521
16024522
16024523
16024524
16024525
16024526
16024527
16024528
16024529
16024530
16024531
16024532
16024533
16024534
16024535
16024536
16024537
16024538
16024539
16024540
16024541
16024542
16024543
16024544
16024545
16024546
16024547
16024548
16024549
16024550
16024897
16025030
16025040
16025132
16025157
16025190
16025194
16025199
16025206
16025210
16025216
16025222
16025226
16025227
16025238
16025249
16025256
16025267
16025269
16025271
16025279
16027113
16027115
16027125
16027139
16027147
16027148
16027149
16027151
16027152
16027154
16027155
16027156
16027157
16027158
16027159
16027160
16027161
16027162
16027163
16027164
16027165
16027166
16027169
16027171
16027172
16027173
16027174
16027175
16027176
16027177
16027178
16027179
16027180
16027181
16027182
16027183
16027184
16027185
16027186
16027188
16027189
16027190
16027191
16027192
16027193
16027194
16027195
16027196
16027197
16027198
16027199
16027203
16027204
16027205
16027206
16027207
16027208
16027209
16027210
16027211
16027213
16027214
16027215
16027216
16027218
16027219
16027220
16027221
16027222
16027223
16027224
16027225
16027226
16027227
16027228
16027229
16027230
16027231
16027233
16027388
16027389
16027401
16027402
16027487
16027504
16027534
16027539
16027550
16027552
16027556
16027559
16027573
16027587
16027590
16027594
16027612
16027628
16027637
16027638
16027639
16027649
16027662
16027669
16027687
16027692
16027709
16027718
16027726
16028040
16028041
16028042
16028158
16028159
16028959
16028960
16028961
16028962
16028963
16028965
16028966
16028967
16028968
16028969
16028970
16028976
16029000
16029011
16029029
16029032
16029033
16029034
16029035
16029036
16029037
16029038
16029039
16029040
16029041
16029042
16029043
16029044
16029045
16029046
16029047
16029048
16029049
16029050
16029051
16029052
16029053
16029054
16029055
16029056
16029057
16029058
16029059
16029061
16029064
16029065
16029066
16029067
16029069
16029070
16029071
16029072
16029073
16029074
16029075
16029076
16029077
16029078
16029079
16029080
16029081
16029082
16029083
16029084
16029085
16029086
16029087
16029090
16029091
16029092
16029093
16029094
16029095
16029096
16029097
16029098
16029099
16029100
16029101
16029102
16029103
16029104
16029105
16029106
16029322
16029367
16029381
16029677
16029678
16029679
16029688
16029697
16029708
16029719
16029721
16029723
16029730
16029735
16029737
16029741
16029780
16029793
16029796
16029802
16029817
16029818
16030134
16030628
16030826
16030853
16030854
16030855
16030856
16030857
16030858
16030859
16030860
16030861
16030862
16030863
16030864
16030865
16030866
16030867
16030868
16030869
16030870
16030871
16030872
16030873
16030874
16030875
16030876
16030877
16030878
16030879
16030880
16030881
16030883
16030884
16030886
16030887
16030888
16030889
16030890
16030893
16030894
16030895
16030896
16030897
16030898
16030899
16030900
16030901
16030902
16030903
16030904
16030905
16030907
16030908
16030909
16030910
16030911
16030912
16031043
16031099
16031292
16031293
16031336
16031409
16031457
16031473
16031480
16031610
16031735
16032529
16032530
16032531
16032536
16032545
16032546
16032554
16032555
16032556
16032557
16032558
16032559
16032560
16032561
16032562
16032563
16032564
16032565
16032566
16032567
16032568
16032569
16032570
16032572
16032573
16032574
16032575
16032576
16032577
16032578
16032579
16032580
16032581
16032582
16032583
16032584
16032585
16032586
16032587
16032588
16032589
16032590
16032591
16032592
16032594
16032595
16032596
16032597
16032598
16032599
16032600
16032601
16032602
16032603
16032604
16032605
16032606
16032607
16032608
16032609
16032610
16032611
16032613
16032615
16032616
16032617
16032618
16032619
16032620
16032621
16032622
16032623
16032624
16032625
16032626
16032627
16032628
16032629
16032630
16032631
16032632
16032633
16032634
16032635
16032636
16032637
16032638
16032742
16032744
16032745
16032756
16032792
16032793
16032818
16032834
16032837
16032849
16032850
16033072
16033091
16033143
16033164
16033186
16033188
16033190
16033191
16033210
16033233
16033242
16033257
16033259
16033269
16033272
16033491
16033495
16033513
16033514
16033515
16033516
16033518
16033519
16033520
16033521
16033523
16033524
16033525
16033526
16033527
16033528
16033529
16033530
16033531
16033532
16033533
16033534
16033535
16033536
16033537
16033538
16033539
16033540
16033542
16033543
16033544
16033545
16033546
16033547
16033548
16033549
16033551
16033552
16033553
16033554
16033555
16033556
16033557
16033558
16033559
16033560
16033561
16033562
16033563
16033564
16033565
16033566
16033567
16033568
16033570
16033571
16033572
16033573
16033574
16033575
16033576
16033577
16033581
16033582
16033583
16033584
16033585
16033586
16033587
16033588
16033997
16034087
16034108
16034115
16034143
16034179
16034978
16034979
16034980
16035011
16035012
16035220
16035221
16035222
16035223
16035224
16035341
16035664
16035668
16035687
16035688
16035690
16035691
16035695
16035696
16035697
16035699
16035700
16035701
16035702
16035703
16035704
16035705
16035706
16035708
16035709
16035711
16035712
16035713
16035714
16035715
16035716
16035719
16035815
16035819
16035820
16035821
16035822
16035870
16035878
16035891
16035892
16035893
16036432
16036433
16036434
16036519
16036534
16036582
16036587
16036588
16036589
16036590
16036591
16036592
16036593
16036594
16036595
16036596
16036597
16036598
16036599
16036600
16036601
16036602
16036603
16036604
16036898
16036949
16036950
16037007
16037008
16037009
16037376
16037380
16037381
16037386
16037387
16037388
16037389
16037390
16037391
16037392
16037393
16037394
16037395
16037396
16037397
16037398
16038186
16038193
16038210
16038211
16038295
16038298
16038299
16038300
16038317
16038335
16038662
16038663
16038677
16038678
16038695
16038696
16038749
16038750
16038751
16038752
16038753
16038754
16038814
16038815
16039012
16039086
16039118
16039119
16039120
16039123
16039124
16039125
16039126
16039127
16039128
16039129
16039130
16039131
16039132
16039133
16039134
16039135
16039136
16039137
16039138
16039139
16039140
16039141
16039143
16039144
16039145
16039146
16039147
16039148
16039149
16039150
16039151
16039152
16039153
16039154
16039155
16039156
16039157
16039159
16039160
16039162
16039163
16039164
16039165
16039166
16039167
16039168
16039169
16039170
16039171
16039172
16039173
16039174
16039175
16039176
16039177
16039178
16039179
16039180
16039181
16039182
16039183
16039184
16039185
16039186
16039187
16039188
16039189
16039190
16039192
16039193
16039194
16039196
16039197
16039198
16039199
16039200
16039201
16039202
16039203
16039204
16039205
16039206
16039207
16039208
16039210
16039211
16039212
16039357
16039843
16039861
16039922
16039944
16039947
16039951
16039970
16040003
16040028
16040048
16040074
16040081
16040092
16040104
16040111
16040418
16040446
16040447
16040746
16040747
16040783
16040785
16040791
16040793
16040794
16040795
16040797
16040798
16040799
16040801
16040802
16040803
16040804
16040805
16040806
16040807
16040808
16040809
16040810
16040811
16040812
16040813
16040814
16040815
16040816
16040817
16040818
16040819
16040821
16040822
16040823
16040824
16040825
16040826
16040828
16040830
16040831
16040832
16040833
16040837
16040838
16040839
16040841
16040842
16040843
16040844
16040845
16040846
16040847
16040848
16040849
16040850
16040851
16040852
16040853
16040854
16040855
16040856
16040857
16040859
16040860
16040861
16040862
16040863
16040864
16040866
16040867
16040868
16040869
16040870
16040871
16040872
16040873
16040874
16040875
16040876
16040877
16040878
16040879
16040880
16040881
16040882
16040883
16040884
16040885
16040886
16040887
16040888
16040889
16040891
16040895
16040896
16040897
16040898
16040899
16040900
16040901
16040902
16040903
16040904
16040905
16040906
16040907
16040908
16040909
16040910
16040911
16040912
16040913
16040914
16040915
16040916
16040917
16040918
16040919
16040920
16040921
16040922
16041071
16041090
16041201
16041716
16041717
16041726
16041737
16041744
16041751
16041759
16041767
16041792
16041801
16041804
16041820
16041836
16041854
16041856
16041876
16041917
16041933
16041937
16042476
16042477
16042479
16042480
16042645
16042650
16042651
16042652
16042653
16042654
16042655
16042656
16042657
16042658
16042659
16042660
16042661
16042662
16042663
16042664
16042665
16042666
16042667
16042668
16042669
16042670
16042798
16043049
16043082
16043091
16043092
16043093
16043094
16043095
16043100
16043101
16043102
16043103
16043104
16043105
16043109
16043110
16043111
16043112
16043113
16043114
16043115
16043116
16043117
16043118
16043119
16043120
16043122
16043124
16043125
16043130
16043149
16043154
16043179
16043205
16043206
16043273
16043297
16043312
16043315
16043332
16043334
16043345
16043922
16043923
16043936
16044108
16044143
16044156
16044160
16044167
16044168
16044169
16044170
16044171
16044172
16044173
16044174
16044175
16044176
16044177
16044178
16044179
16044182
16044183
16044184
16044185
16044186
16044187
16044188
16044189
16044192
16044193
16044194
16044195
16044202
16044823
16044853
16044854
16044864
16044875
16044877
16044887
16044895
16045023
16045024
16045034
16045263
16045289
16045291
16045293
16045294
16045296
16045300
16045301
16045302
16045304
16045305
16045306
16045307
16045308
16045309
16045420
16045426
16045427
16045440
16045494
16045713
16045724
16045752
16045781
16045805
16045961
16045962
16045994
16046001
16046002
16046017
16046018
16046152
16046179
16046181
16046183
16046198
16046199
16046200
16046201
16046202
16046203
16046204
16046205
16046207
16046208
16046209
16046210
16046211
16046212
16046213
16046214
16046215
16046216
16046281
16046295
16046318
16046322
16046323
16046324
16046581
16046683
16046684
16046685
16046693
16046697
16046698
16046700
16046702
16046704
16046705
16046706
16046707
16046708
16046715
16046717
16046736
16046753
16046964
16046966
16046978
16046979
16046981
16046983
16046985
16046989
16046990
16046991
16046992
16046993
16046994
16046995
16046996
16047086
16047110
16047305
16047363
16047396
16047402
16047410
16047481
16047494
16047855
16048022
16048181
16048261
16048262
16048265
16048266
16048267
16048268
16048269
16048270
16048271
16048272
16048273
16048274
16048277
16048278
16048279
16048280
16048281
16048282
16048314
16048541
16048556
16048637
16048762
16048790
16048923
16048926
16048945
16048954
16048967
16048986
16049017
16049323
16049564
16049609
16049611
16049612
16049615
16049617
16049618
16049619
16049620
16049621
16049624
16049625
16049626
16049627
16049629
16049630
16049631
16049632
16049633
16049634
16049635
16049636
16049637
16049638
16049640
16049641
16049693
16049742
16049744
16049844
16050133
16050427
16050429
16050432
16050433
16050435
16050561
16050562
16050590
16050598
16050604
16050610
16050611
16050612
16050613
16050614
16050615
16050616
16050617
16050618
16050619
16050620
16050621
16050622
16050623
16050624
16050626
16050627
16050628
16050629
16050630
16050631
16050632
16050633
16050635
16050636
16050637
16050638
16050639
16050640
16050793
16050879
16050976
16050981
16050984
16050985
16050989
16051004
16051016
16051041
16051057
16051215
16051259
16051387
16051388
16051389
16051390
16051391
16051392
16051402
16051417
16051440
16051441
16051442
16051444
16051445
16051446
16051447
16051448
16051450
16051451
16051452
16051453
16051454
16051455
16051456
16051458
16051460
16051461
16051462
16051463
16051464
16051573
16051836
16051840
16052045
16052055
16052057
16052315
16052318
16052331
16052332
16052337
16052338
16052339
16052340
16052341
16052342
16052344
16052345
16052347
16052349
16052350
16052450
16052455
16053078
16053079
16053444
16053516
16053544
16053547
16053548
16053550
16053551
16053552
16053555
16053556
16053557
16053558
16053559
16053561
16053562
16053563
16053564
16053565
16053566
16053571
16053702
16053957
16054082
16054087
16054164
16054173
16054221
16054249
16054262
16054264
16054713
16054766
16054845
16054846
16054852
16054857
16054858
16054860
16054861
16054862
16054887
16054892
16054913
16054917
16054918
16054920
16054921
16054922
16054923
16054924
16054925
16054926
16054927
16054928
16054929
16054931
16054932
16054934
16054935
16054936
16054937
16054938
16054939
16054941
16054942
16054943
16054944
16054974
16055045
16055209
16055212
16055340
16055446
16055447
16055523
16055537
16055550
16055797
16055833
16056003
16056157
16056158
16056235
16056236
16056237
16056238
16056239
16056240
16056241
16056242
16056243
16056245
16056247
16056248
16056250
16056252
16056253
16056254
16056255
16056256
16056257
16056258
16056259
16056261
16056262
16056263
16056264
16056265
16056266
16056267
16056741
16056742
16056743
16056744
16056745
16056746
16056747
16056748
16056749
16056750
16056751
16056752
16056753
16056754
16056760
16056764
16056765
16056860
16057186
16057581
16057755
16057756
16057757
16057782
16057783
16057785
16057786
16057787
16057788
16057789
16057790
16057791
16057792
16057793
16057836
16057838
16057854
16057855
16057856
16057885
16057901
16058296
16058313
16058314
16058320
16058507
16058516
16058522
16058523
16058524
16058525
16058526
16058527
16058528
16058529
16058530
16058531
16058532
16058533
16058534
16058535
16058536
16058537
16058538
16058539
16058540
16058541
16058543
16058544
16058781
16058782
16058796
16059309
16059310
16059312
16059313
16059314
16059315
16059316
16059317
16059318
16059319
16059320
16059321
16059322
16059323
16059324
16059325
16059327
16059328
16059329
16059330
16059331
16059332
16059333
16059334
16059335
16059336
16059338
16059340
16059341
16059342
16059343
16059344
16059345
16059346
16059349
16059466
16059747
16059759
16059928
16059929
16059939
16059940
16059942
16059943
16059945
16059946
16059947
16059948
16059949
16059950
16059951
16059952
16059953
16059954
16059955
16059956
16059957
16059958
16059959
16059960
16059961
16059962
16059963
16059964
16059968
16059969
16059970
16059971
16059972
16059973
16059974
16059976
16059978
16059979
16059980
16059981
16060116
16060157
16060163
16060170
16060232
16060440
16060441
16060540
16060798
16060803
16060810
16060811
16060812
16060813
16060814
16060815
16060816
16060817
16060818
16060819
16060820
16060821
16060822
16060823
16060824
16060825
16060828
16060829
16060830
16060831
16060833
16060834
16060835
16060836
16060837
16060840
16060841
16060842
16060843
16060844
16060845
16060966
16061120
16061175
16061183
16061185
16061324
16061570
16061753
16061756
16061765
16061769
16061770
16061771
16061772
16061773
16061774
16061775
16061776
16061777
16061778
16061779
16061780
16061781
16061782
16061783
16061784
16061785
16061786
16061787
16061788
16061789
16061790
16061792
16061793
16061794
16061795
16061796
16061797
16061798
16061903
16062095
16062215
16062330
16062361
16062400
16062410
16062423
16062593
16062594
16062595
16062607
16062620
16062621
16062622
16062623
16062624
16062625
16062626
16062627
16062628
16062629
16062630
16062631
16062632
16062633
16062634
16062635
16062636
16062637
16062638
16062639
16062640
16062641
16062642
16062643
16062649
16062650
16062651
16062652
16062653
16062654
16062655
16062656
16062657
16062658
16062659
16062660
16062661
16062662
16062663
16062664
16062666
16062746
16062747
16062750
16062773
16062775
16062796
16062797
16062809
16062813
16062819
16062826
16062835
16062841
16062898
16062959
16063051
16063184
16063185
16063190
16063240
16063241
16063242
16063243
16063244
16063245
16063246
16063247
16063248
16063249
16063250
16063252
16063253
16063254
16063255
16063256
16063257
16063258
16063259
16063261
16063262
16063263
16063264
16063265
16063266
16063267
16063268
16063270
16063271
16063272
16063273
16063274
16063275
16063276
16063277
16063278
16063331
16063350
16063352
16063353
16063457
16063492
16063493
16063772
16063893
16063897
16063898
16063918
16063920
16063921
16063922
16063923
16063924
16063925
16063926
16063927
16063928
16063929
16063930
16063931
16063932
16063933
16063934
16063935
16063936
16063938
16063939
16063940
16063941
16063942
16063943
16063944
16063945
16063946
16063947
16063948
16063949
16063950
16063951
16063952
16063953
16063954
16063955
16063956
16063957
16063958
16063959
16063960
16063961
16063962
16063963
16063964
16063965
16063966
16063967
16063968
16064056
16064221
16064288
16064317
16064321
16064326
16064332
16064341
16064401
16064421
16064422
16064425
16064426
16064661
16064906
16064907
16064908
16064909
16064910
16064911
16064912
16064913
16064914
16064915
16064916
16064917
16064918
16064919
16064920
16064921
16064922
16064923
16064924
16064925
16064926
16064927
16064928
16064929
16064930
16064931
16064932
16064933
16064934
16064935
16064937
16064938
16064939
16064940
16064941
16064942
16064943
16064944
16064945
16064946
16064947
16064948
16064949
16064950
16064982
16065016
16065020
16065021
16065045
16065046
16065054
16065185
16065197
16065334
16065341
16065347
16065501
16065502
16065503
16065504
16065505
16065507
16065509
16065510
16065513
16065514
16065515
16065516
16065517
16065519
16065520
16065521
16065522
16065523
16065524
16065525
16065526
16065527
16065528
16065529
16065531
16065533
16065534
16065535
16065537
16065538
16065539
16065540
16065542
16065543
16065544
16065545
16065546
16065547
16065548
16065549
16065551
16065553
16065554
16065555
16065556
16065667
16065717
16065801
16065818
16065845
16065860
16065873
16065885
16065899
16065901
16065902
16065903
16065904
16065905
16065914
16065915
16065916
16065917
16065940
16065941
16066005
16066007
16066049
16066055
16066072
16066081
16066088
16066094
16066096
16066109
16066122
16066125
16066154
16066157
16066164
16066165
16066226
16066227
16066228
16066429
16066430
16066431
16066535
16066569
16066570
16066571
16066572
16066573
16066574
16066575
16066576
16066578
16066579
16066580
16066581
16066582
